function forceVect = convertVtoF(voltages)
%NANO17 forces sensor calibration matrix
GainMatrix=[-0.008988558	0.01636383	-0.016207209	1.709100556	-0.010353274	-1.714581856
            0.064670016	-2.188230603	-0.010510775	0.972092909	-0.015269682	1.041792839
            1.805711459	0.007669575	1.526170728	-0.045459199	1.933470965	-0.025708347
            0.306797685	-13.27323888	8.678856758	5.656698914	-11.02508507	6.469202187
            -11.5890942	-0.100412191	5.1181421	-10.5413148	6.505246556	10.32580521
            0.136561278	-7.586013116	0.21378772	-7.246447361	-0.092033948	-7.061610822];
% % %NANO17 Titanium force sensor calibration matrix
% % GainMatrix=[-0.00245   0.02466   0.05585  -0.83458  -0.04315   0.85113;
% % 		-0.02502   0.92010   0.01425  -0.45519   0.02270  -0.51853 ;     
% % 		0.95748   0.03776   0.92538   0.04615   0.98824   0.03969;
% % 		-0.34745   5.54086   5.35949  -2.47291  -5.19643  -3.34585;
% % 		 -6.00849  -0.40893   2.53702   5.20801   3.58517  -5.02455 ;
% % 	 -0.18358   3.37833  -0.18652   3.33038  -0.09424   3.68362];

forces = (GainMatrix*(voltages));

forceVect= forces;